id xcenter ycenter aperture_sum annulus_median aper_bkg aper_sum_bkgsub SNR err
1 1591.3189589056303 1321.4068408642554 403.10873993004907 4.764613953726076 374.21190485543144 37.44375125270557 1.9454383297214295 19.24694845406238
2 1270.036631336604 1187.9633720551751 485.23269444539153 6.014387742547415 472.36890869568646 23.151935708974577 1.0717253917515541 21.60248874120324
3 1197.8293639211129 1245.4907213090012 505.3334926832224 6.47454323246046 508.5094363611824 7.538393611510344 0.3364575650738488 22.40518387469085
4 1106.631168430306 1377.0429256600496 nan nan nan nan nan nan
5 1631.0666451976458 944.3228815856091 370.5859310221049 4.8008448041355845 377.05746919242705 1.385812900196015 0.07176640270918004 19.310051052882827
6 1596.147098847508 1055.266514742044 390.290126759146 4.85031158079349 380.9425807460581 17.622675446214487 0.9077889870548326 19.412744258319623
7 1741.6101944601573 711.2580175508333 398.15296695315084 4.724699329765911 371.07701762033014 35.51779069601247 1.8531349484801627 19.16632716097776
8 1219.396538719329 1376.1118154195615 nan nan nan nan nan nan
9 1205.7557932254738 425.0335483257477 379.8220043777174 4.907331465288521 385.4209120020113 2.4542713630260664 0.1257197080112136 19.521771103756915
10 1119.9097189016065 475.70318045799394 389.82412999655395 4.869785783535001 382.4720810527393 15.617298076975942 0.8029101874663186 19.450865514931674
11 1461.1368189503346 564.4761485652937 376.917731414395 4.747882416163797 372.8978129682086 12.011519563524928 0.625378972585295 19.206785149602524
12 1064.2290827892848 971.6928159699148 460.2620701569232 5.990482913723801 470.4914278302468 -0.4706475687818852 -0.021835431945450966 21.554305404063072
13 1314.6589802796348 420.55718064783935 397.5894401173945 4.853916795267486 381.2257336287112 24.793599669778644 1.2765894405796294 19.42174898338594
14 1198.7904113002453 439.2402612618903 376.72013654346836 4.905349350282031 385.2652370534374 -0.5576888994105502 -0.028574395660207152 19.51708466706754
15 1101.369748006954 701.1804180606364 386.6611428971002 4.985532833967047 391.5628331355394 3.2964956362671387 0.1675404679141135 19.675817295419193
16 1032.7725712915305 58.34995569694115 379.1161765382586 4.832962430137752 379.57998163990595 7.574408565444003 0.39092378094351754 19.375665883417792
17 1258.4853482128076 176.4554962867844 411.0899497115871 5.381901835433053 422.69358171344754 -2.8874941616116416 -0.14129306876852382 20.436205305598794
18 1117.1652995599743 911.9179648024585 423.2068294005213 5.495910729568279 431.64781931992565 0.5320561562235184 0.025764193178957773 20.650992349260186
19 1167.2504226011715 294.48421409950447 390.5859065409934 5.0378981666132425 395.6755967441413 3.1917105030924517 0.16137574528673684 19.778130210468326
20 1516.7299954213747 113.10021209560125 377.19708646687536 4.783445274515518 375.6909133316691 9.50369728020695 0.4929971803315266 19.27738668569257
21 1179.486341915275 520.5785452971184 526.1895010974029 4.985643935944785 391.571559064466 145.7744790022167 7.3951371230975615 19.712207708348338
22 1277.8100720078728 146.16195677162932 397.22776768846654 5.110634747482355 401.3883144467824 4.261678060306167 0.21394311723942488 19.919678255117226
23 1475.9007240802202 371.3045649886154 404.2368015587753 4.846344733264676 380.6310252696973 32.17661020257924 1.6578520063136684 19.408614327478983
24 1294.5007892982094 504.63186893902787 374.8187882598305 4.8859985529765 383.74542898703334 -0.9795424683430269 -0.05028784024287103 19.4787142102785
25 1235.56197429669 159.74813372127545 438.3368089834604 5.49306763515331 431.4245232067375 16.2061253615513 0.7848200401614331 20.64947953956144
26 1123.6045461244003 837.8332631428821 413.8433508701062 5.163848952656421 405.567748347819 17.050119371908465 0.8514161978705742 20.02559901321057
27 1528.9992868484417 109.60600778714411 367.72414053181114 4.785189274269176 375.82788675201795 -0.30707228470691916 -0.0159283655052936 19.278329882929132
28 1287.7685195245858 643.3347593547194 387.98199901169363 4.903417324930326 385.1134961371507 11.094694211241233 0.5684848412628215 19.516253391375727
29 1317.0704558496395 370.75955341570125 379.5999614482185 4.883811300007152 383.57364254053215 4.074790028075199 0.20922450740213214 19.4756822643315
30 955.9763314434879 206.43329471961607 373.40751783595863 4.741537280039381 372.3994671423462 8.925226480388005 0.4650192579548535 19.193240554468634
31 1111.5352951317577 513.6840833660859 380.21623110664723 4.9076213415922565 385.44367883366795 2.834089855570369 0.14517087685169897 19.522440843734568
32 1029.1429514816593 1199.8020950698499 625.1526641116716 7.890005180377546 619.6795577864877 18.72791052416494 0.757498199994515 24.723372972108116
33 993.1815609215639 237.59641505904563 384.76183380390523 4.797429182186477 376.78920687185814 16.130542691005928 0.8354742577333371 19.307049309656172
34 1091.3495957036325 1200.687687089752 875.6010558223676 11.337936623671183 890.4794600948013 3.686533890052374 0.12448881535170066 29.61337433919128
35 986.1797913648174 373.03930548259757 367.48440825819216 4.80248223499803 377.18607271163256 -1.910073443327235 -0.09890364993913091 19.31246667340151
36 1107.9502543679323 1214.8581628440934 1102.7025356006475 9.963780828992482 782.55351635854 343.52907828716616 12.344753585127576 27.82794131273994
37 1111.3223606621762 627.0802806410741 383.10806636910536 4.948366212045835 388.64377347587873 2.5871446353503416 0.13197915500429 19.602676159475685
38 1370.6315953203834 297.2536934029915 380.0475163426744 4.92019173839687 386.43095549002 1.67452125915662 0.08566661465007797 19.546952637226642
39 1455.7887006717947 844.7972854288453 409.21558731085355 4.971942486197215 390.4954497177036 27.396534250091236 1.3938495908555824 19.655301712485713
40 1065.0908381211227 994.266375922516 480.0613126185813 6.158836949674367 483.71392289385903 6.525893420786701 0.2986001318243186 21.854958271171196
41 1079.6723691617085 899.870901063708 424.71021618470445 5.442258010323631 427.4339446043231 6.2811932259357945 0.30562467654050224 20.551983226732
42 1208.6791535601187 292.3944433034326 421.46795150783555 5.198507691236736 408.2898393104841 22.11428970100218 1.1005707929253343 20.093473171518617
43 1162.5994758467791 997.1797965110109 461.6939644115837 5.993299250151693 470.71262237604435 0.7704118890971472 0.035734003141881424 21.55963008225628
44 1178.0621132912684 323.8697715721853 397.60845924193217 5.020456199691128 394.30570786547446 11.733047810688333 0.5941907541649997 19.746264526072054
45 1178.6591371448385 926.9092493919188 425.6676726224339 5.471594049277844 429.7379917159226 4.954903029596608 0.24045201404748776 20.606618951497097
46 1093.7294789322646 572.0004730841539 400.8596739314863 4.908852585040735 385.540380467981 23.8185238023529 1.219571160650412 19.5302451967216
47 1055.2188066842164 831.5312130985847 417.3502961314931 5.2854155704222805 415.1155681801936 11.083600834966205 0.5471542072126945 20.256813689559536
48 1161.0951069899581 1048.0259542129818 571.0311275074043 6.823875994139061 535.9459673048756 47.19245210280292 2.0512166006789467 23.00705449009254
49 1124.4426312665337 239.0863845824535 405.44170229138024 5.1119245745406525 401.4896172270511 12.548465894938374 0.6298085639946841 19.924254150098044
50 1008.8392086928313 381.92150231927707 380.6660350149923 4.771153361880566 374.7255087708558 14.01160079757534 0.7277257046774417 19.253958885217425
51 1262.9943124282772 137.8694134800695 403.78330292181846 5.16839897455685 405.9251062322205 6.4194152947393945 0.3204627755695203 20.031703474236384
52 1260.0928968145993 579.6520491837823 380.1952229242075 4.8861755786477765 383.7593325507428 4.49698252990504 0.23084568623258034 19.480470279935254
53 1277.526765219106 283.11009106595543 412.78307330108964 5.0618530605271035 397.557009712574 23.978099894774232 1.2091823259228627 19.830011885489522
54 966.789727701228 369.4203587570513 387.6219177663574 4.718866715720735 370.6189251844414 25.22154929322329 1.31692128910199 19.15190338400702
55 1134.25111786122 464.484711780605 383.75584370226363 4.8820324445836665 383.43393156227665 8.458498386030215 0.4343642000049659 19.473286209898312
56 1160.6846253048361 482.5160778092952 380.33219417746426 4.903724771504627 385.1376429346306 3.258547533331182 0.16697781524131555 19.514853087650863
57 1105.9504193534299 538.1242711898216 376.32942128867035 4.958419090677849 389.4333247173229 -5.124775961307705 -0.26119534133933986 19.620472306394227
58 1158.9835437038573 303.9183342240732 385.89567367077103 5.011764572692745 393.62306907732795 0.4545606009540961 0.02304322806189251 19.726428941864302
59 1156.326950219934 509.0645674351051 383.70497478184143 5.008275237134393 393.3490173034272 -1.508534824221499 -0.07650115991333048 19.719110480554086
60 1043.5064341391812 776.2277410126558 436.37755563991385 5.137522633846678 403.5000841036002 42.1297700369625 2.108478031202954 19.981128289454418
61 1185.0993167333547 461.36221833830956 394.2647887174579 4.9324850387749875 387.3964690439267 15.227721907589512 0.7779308819913026 19.57464636011167
62 963.8116808329007 416.32707258633945 1037.3360072927048 4.746085141908654 372.75665537829747 686.5734766371352 35.43052899142975 19.378019357351665
63 954.2511802514862 428.67252850757603 378.1094765352508 4.743518781886597 372.5550939335035 13.571251704233873 0.7068938151621565 19.198430391020924
64 972.4581846943483 1151.3013659166124 497.2762724528007 6.412661215846237 503.64923414156823 4.17054232641118 0.18703918869081293 22.297692561665986
65 1189.5915303415488 196.24046915973526 642.9439047082514 6.069836078006063 476.7238107789533 179.85211704471737 8.273896449607387 21.737293685039017
66 1088.70236345772 524.165588976196 383.59258976523114 4.918127112550856 386.26880015526376 5.456914463147257 0.27921392588671173 19.54384777126534
67 1003.9878084081395 998.6377052313713 514.9071474587665 6.127261531815643 481.23399537438416 44.590474863323095 2.0446921952462978 21.807915620253958
68 1168.0526001945 98.04863804376112 395.134819619753 5.037767750609129 395.66535389513047 7.84731479561998 0.39674876364172923 19.77905292908798
69 1039.5713572133084 826.2464353134919 1045.9393366807158 5.281770594970902 414.8292924776794 653.2865810836959 32.01156695776563 20.407828893399927
70 1306.0818305511061 -13.184772770427742 nan nan nan nan nan nan
71 1480.4334405244213 674.772743313274 413.5502563165324 4.80785741815344 377.60823860945095 44.71032021716229 2.31237309052569 19.335253640664856
72 1054.631692999336 761.8366680171252 393.9955265756337 5.016101374080763 393.96368066184476 8.385539115201254 0.4248658062548007 19.736912200866254
73 1091.099250861447 501.2205862865011 375.8770984844765 4.889571841848542 384.02607443877235 -0.17943886470754933 -0.009208608789386978 19.48599064327226
74 1517.1016557582047 688.8307447359957 432.7412936010325 4.781543943383228 375.54158313373796 66.37491109392244 3.4411950012405543 19.28833183530553
75 1102.705886601713 708.1108743868923 384.5223161916283 4.9903912486652 391.9444121336347 0.7307414429243977 0.03712233743493613 19.68468295416902
76 1117.4028784646152 244.48852652679352 392.80888447158713 5.047701194226857 396.44552473248797 4.691893152116904 0.23699292251708365 19.797608731453526
77 1112.3440325107013 882.5524462388425 418.7187547458677 5.351022415382283 420.26831773398226 7.328324649914123 0.359577533600364 20.38037409216688
78 1169.5674382030406 957.285798778989 459.80505924204874 5.6919065324005595 447.0412936777338 22.512785891397186 1.0710714654203406 21.018939088776932
79 1201.2737528087282 1087.7404523888847 540.3806983615868 6.9524057175284995 546.0406681740802 5.797456126608154 0.24975557512081015 23.21251937540872
80 1257.860265101897 442.5361597203032 379.53583078294025 4.897525032267413 384.6507165535855 2.9322256188167444 0.15035113381430687 19.50251750304875
81 1183.3368799720672 27.040325826121432 2991.2582067547255 4.9996968006461024 392.6752684771547 2662.0051135560993 130.7015116551543 20.36705681399915
82 1019.105252891745 776.7400936733284 400.83586747811705 5.1143555925697886 401.680548936578 7.654044123874769 0.38409012403177795 19.92772957432643
83 1015.3404391418782 1298.2836503752994 443.46401922772037 5.766054975452254 452.8648987768919 0.001669750541054782 7.89510607397435e-05 21.149184385995706
84 1155.3819643776292 1193.350587140261 4264.911430375974 9.487979871378885 745.1841965332934 3610.1540514520384 130.06939392029557 27.755599858213245
85 1134.1552026469099 386.34523162790754 484.6598441022329 4.993188410503509 392.16410071068805 102.77174748698019 5.212591796570982 19.71605517903529
86 1122.136502911945 280.5657846445216 386.8619586650452 5.022756657421263 394.48638539309667 0.5780169445288834 0.029269746516948216 19.747931339077063
87 1131.6574141683664 258.82314726019047 422.342338015124 5.041571735845944 395.96411819698903 35.33293650847355 1.7850858181381826 19.793410574134338
88 1382.3695319754702 606.613804003339 457.74152569569657 4.796474435777087 376.7142212642136 90.73257267257861 4.695220291462971 19.324454879689466
89 1556.581265512483 444.5866930643019 401.8297606338574 4.817563095680994 378.3705207399178 31.97903850360177 1.6525518518950897 19.351307171953067
90 1409.4548300506756 178.65412312763573 449.48371068785957 4.847804173693143 380.7456494529079 78.26824308943515 4.029588879574187 19.423381746503598
91 1435.593945324159 530.18069078762 371.25439822141146 4.746770665550465 372.81049627922187 6.315426193674455 0.3288758552567569 19.203070376643897
92 1264.939298578153 168.05263063646385 415.3597535095859 5.309610232873239 417.01581252549397 7.150609372412475 0.3522148319344095 20.30184059297106
93 1048.7529362215496 1054.0581504813294 548.8709507404781 7.086276802341905 556.5548785885275 3.9535127328230146 0.16871261853730976 23.433414566727976
94 1025.9068374181782 926.818307191136 444.0633528723804 5.7182524292885555 449.11049558062285 4.368113967709348 0.20738425442863107 21.062900747908927
95 1175.956881194688 625.255101945528 378.8387001605878 4.9232020036233815 386.66738116804413 0.20364946459000066 0.010415513651472405 19.552512857703512
96 1067.4007967811956 410.02308833799646 423.8275540648415 4.894932727737625 384.44711743191925 48.36664362804919 2.4791913436776976 19.509040216436397
97 1012.2528094087254 967.9393448614096 464.5049790012205 5.978409203134843 469.54316081805086 4.810488595319043 0.2233911632044121 21.533925184485692
98 1289.8270658885763 430.82754668626797 410.7445113554193 4.826309489994795 379.05746094295876 40.39586409328933 2.0853894176465286 19.370897229774084
99 1115.7279809523395 320.59986824642624 421.07048093519677 4.954153946888711 389.09834110746135 40.8998899584937 2.08419614479776 19.62381998478479
100 1077.2311601661258 1063.8182735092803 601.5259980937983 7.65723441966762 601.3977849910674 12.882072732617644 0.5288969192488181 24.356490393087935
101 1051.3020623361876 238.485049424943 380.2145566679833 4.86191713085806 381.8540785166512 6.421980231624445 0.3304695211424541 19.432897198577503
102 966.4099297684198 911.4719136897388 481.02451054619496 6.278186970506818 493.0876516101845 -1.8642151564105234 -0.08449665443905899 22.062591339104912
103 1236.3086057309802 282.4697903600138 405.699787529521 5.179906834335482 406.8289314256978 7.4727089886914655 0.3726274556943332 20.054101957589886
104 1279.6500748448625 196.2636477577824 426.836541862952 5.273649020133315 414.1914254815459 21.695121463609553 1.0720507198746339 20.23702895899048
105 1151.7958041541972 680.3093732189247 380.92438723599435 4.9455286184792175 388.42090939830973 0.5800301060887136 0.02959853364596754 19.59658248704277
106 1049.5860318640125 575.532319291831 394.55043446866057 4.989637041042505 391.88517680546613 11.030716303503198 0.5603381099471814 19.68582202010671
107 1245.8684444809123 354.86957380129763 385.0805700004212 5.020124781619582 394.2796783510036 -1.0344345849502474 -0.05239663938310516 19.74238418969656
108 1355.8385224008798 461.9877912453358 380.7363699325905 4.804009514363955 377.30602495253174 11.502910810132335 0.595419975391926 19.31898707724866
109 1192.5874049018817 194.5886970814065 634.5661876468287 6.1381046697938055 482.0856134397356 165.93496871168105 7.592590570540251 21.854855358001206
110 1048.2764989281059 1095.2782502584105 672.2422884293346 8.769830960434595 688.7809129631411 -2.2854022107961782 -0.08771375272184363 26.055232388056716
111 1031.8803184756696 534.6714354051521 396.72309865035186 4.9229782465468395 386.64980732834783 18.484815891439723 0.9451887244506337 19.55674609024091
112 1007.036943103713 1371.8389207259595 nan nan nan nan nan nan
113 1236.8213656382698 50.37152283049198 379.86000376568114 4.898407711551634 384.7200420224551 3.1939464128633404 0.16375576639480055 19.504329424119454
114 1289.178838688873 252.0455376162284 396.21298520052596 5.096312599094927 400.2634555428432 4.350238542750674 0.21869328984563557 19.89196168671332
115 1195.100988182876 136.8461639366572 416.06103579637306 5.180854169330802 406.90333494224245 17.9792381855641 0.8963382276722691 20.058542222677467
116 705.787448751661 1452.3793489467196 nan nan nan nan nan nan
117 947.2988898575356 1054.9562059251612 468.4240292759448 6.029712368274636 473.5725019857777 4.783291396096558 0.2211867929049905 21.62557417318851
118 801.4251200648448 1381.5020504330423 nan nan nan nan nan nan
119 621.4715701143798 1046.8994189998295 340.8578134347424 4.40338970053958 345.8414183527026 2.2434355093414524 0.1212684918667962 18.499739502043845
120 786.4276193992542 1212.5983670838393 367.57295895918264 4.713942133643171 370.2321494125195 5.134278053699347 0.2682942903799202 19.13673990761754
121 927.4784825677344 1052.4103561609577 456.13402349401053 5.705106983307175 448.0780546675412 17.727153989693022 0.8424652425128144 21.042000423445817
122 943.8448639689354 468.3213610005167 411.33175742493745 4.825211116812663 378.9711949149616 41.081827280138384 2.121021454131269 19.36888813647797
123 860.9831552851462 453.4707465007258 378.15371897577336 4.649280027025947 365.15359943466177 21.017926694285734 1.105612987777014 19.010202418610465
124 779.1622625259282 1006.0779623497317 380.4897903563558 4.921231827502884 386.5126438973833 2.04448418367258 0.10458201832619064 19.549098558184706
125 605.7893688672234 476.67667925636437 339.7537398027365 4.411079307443785 346.4453586666837 0.5120124336272056 0.02765349249972613 18.515290017428228
126 944.729520921504 1124.7392624447468 472.92193366217697 6.003626387790889 471.5237138695421 11.425350751123347 0.5294279565431455 21.580558053118686
127 904.2019578754292 1044.1377604612162 424.36619274007046 5.427831370789164 426.30087898488637 7.062941240991222 0.3441125066147681 20.525093116996594
128 765.5475121221032 677.9961490838805 354.1533772309035 4.582294011219802 359.89253005591587 1.7697868965738053 0.0937945301824842 18.868764448529717
129 800.6783940927803 435.4420686988949 356.5259016491458 4.582704165817159 359.9247435226632 4.160401315407853 0.22047426085914856 18.87023591414035
130 891.502831999989 1087.4316742005442 417.07926514376635 5.341589978560761 419.5274958783837 6.394895612434482 0.3140557560711949 20.362293920143244
131 929.5963673426102 278.2797329534102 360.38924823168395 4.685721171303532 368.0156802134334 0.014723842991088532 0.0007717522071187891 19.078459193602562
132 870.2522117567577 1070.3840836005584 411.59924362155186 5.22945709827208 410.7206000548641 9.605579715004069 0.4767116503488687 20.14966428442536
133 861.288141752455 956.5283815335067 439.83723859000634 5.55229804890456 436.0764690244877 13.086422020691828 0.6303969562628813 20.759018410036024
134 946.1706807599662 1172.0176058245947 541.429588124753 5.917378690179633 464.7498355394282 88.15941761774741 4.111179875560606 21.443823983917966
135 937.5902811210384 457.60236075131127 374.98791877318985 4.813020581566686 378.0137525156594 4.924850507408678 0.2547082599429002 19.335260303347514
136 742.0648351676087 1113.0449211121634 359.18087140160645 4.649954208663652 365.2065495366667 1.5898570705887778 0.08364825016016286 19.00645940046144
137 333.5318245121674 1082.8948765588202 322.18057180715033 4.099330014379106 321.9606264453385 7.050981428958323 0.3948760286524092 17.856190088370674
138 341.4245269429187 1186.6275747156478 315.76575226454617 4.036700150548235 317.04168844267866 5.41908962801665 0.30581786980052905 17.719990108986348
139 807.9251363008083 1050.124390182892 387.6457987311335 4.973389054666938 390.6090629396385 5.2557988391428125 0.2674365633408172 19.652506648632407
140 409.1744995896367 874.7305064107159 354.79093982972745 4.2800559419647675 336.1548076057464 26.158589871502954 1.4335471046955717 18.24745750301522
141 893.2067219379986 476.96583286335414 366.4381609515577 4.774891850262073 375.01912896172763 -0.8115600666727687 -0.04214233761041037 19.257594919753338
142 794.1776367432007 196.8454244551134 358.7047872178412 4.5581645880167505 357.99740958916425 8.312818655735214 0.44167464276500673 18.821136309059188
143 850.9041008232516 1024.5072902527293 407.1355579936136 5.264308858021583 413.457850864707 2.3100019481514096 0.11427488167244118 20.21443307876551
144 766.6825928692626 224.7047325213976 359.9670804244854 4.526987815483536 355.5487916003396 12.05049363268705 0.6424133633560787 18.75816152038492
145 924.2250394268353 462.60924052465265 377.7163249838312 4.809959259051443 377.77331680755543 7.951541479950663 0.41135886720765547 19.329938197094208
146 340.11315636349786 984.5931165136038 326.93976263121806 4.132557599708143 324.5703148944943 9.301390584149715 0.5188071727331818 17.92841555205973
147 695.344051903822 1252.1289148136907 348.0004632259706 4.419256652309084 347.087605830551 8.291339910197792 0.447348514199102 18.53440806669932
148 737.2390974645803 1027.3776613127752 362.1370087742604 4.689938088049196 368.34687608015787 1.4683454252732417 0.07692763507942757 19.087359487356906
149 710.2570084389448 443.9226794495312 345.288395408812 4.437373793190569 348.51052274798417 4.098852536723598 0.22071341379268714 18.57092628078142
150 817.3037267565414 543.7664695338354 353.8960552802897 4.6415840549730465 364.54915920307116 -3.1496200718446516 -0.16587226908881145 18.988225633775347
151 951.7392514602483 1080.815694416453 473.7013949717847 5.9973480536136545 471.03061465634255 12.714437808379955 0.5894599569310011 21.569637867476445
152 835.7283191397147 956.6123613298621 450.00372490836696 5.643628266404478 443.2495275332002 16.295404835185025 0.7786147228136509 20.928713981028938
153 904.7331613680927 1091.6010179012849 426.3335332381896 5.439502755803366 427.2175474203322 8.155325855801436 0.39690556542531635 20.547270097012486
154 821.3413637158429 1106.9891645094715 379.617471191561 4.945916307493376 388.4513584222787 -0.7850448598601361 -0.04005944705096749 19.596996904658376
155 783.8628142895832 1195.2619995119705 365.39750571762886 4.698040030231765 368.9832011311721 4.161648029302739 0.21783689935813424 19.104421893468064
156 629.106621202124 1001.8151406909062 339.90287525188404 4.401815442082388 345.7177763826034 1.3918922123697826 0.07525275912885906 18.496228290930514
157 681.0264650079056 576.5530121177289 347.0528672901869 4.435130367585757 348.33432451301036 6.076933881792684 0.32730107156382976 18.566801057990332
158 809.6810597488851 1271.0088408936342 359.8107246418483 4.699605249894168 369.10613319598855 -1.6665188802904254 -0.08722464523833671 19.10605512624042
159 754.861135576775 1238.1349592221957 354.92668703513556 4.591021448266603 360.5779813586883 1.8740415051423724 0.09922590312880838 18.886615753042005
160 637.8698405628968 1.3106605296048883 260.0328317404256 4.677657215378296 367.3823385960936 -101.8361587282572 -5.34982388930556 19.035422629860843
161 578.7003508840568 183.01845369993976 341.47965458937017 4.448607964638553 349.392852510238 -0.672972901672722 -0.036195056837286424 18.592950542888975
162 271.7195427855755 334.75160323019406 329.5506046391736 4.299679521641545 337.69603994948886 -1.1581360650098986 -0.0633505077538646 18.281401461052194
